13.428826509043574 Training_Time (s)
5.233099811943248 Test_time (s)
96.78594084063623 Overall accuracy (%)
94.4836344332185 Average accuracy (%)
95.72266347427207 Kappa accuracy (%)
[ 99.60594119  99.91916361  83.53279081  85.33945556 100.
  99.42046363 100.          87.41812227  95.11677282] Each accuracy (%)
                      precision    recall  f1-score   support

             Asphalt     0.9307    0.9961    0.9623      6598
             Meadows     0.9852    0.9992    0.9921     18556
              Gravel     0.9787    0.8353    0.9013      2089
               Trees     0.9734    0.8534    0.9095      3049
Painted metal sheets     0.9598    1.0000    0.9795      1338
           Bare Soil     0.9891    0.9942    0.9916      5004
             Bitumen     0.9873    1.0000    0.9936      1323
Self-Blocking Bricks     0.9045    0.8742    0.8891      3664
             Shadows     0.9729    0.9512    0.9619       942

            accuracy                         0.9679     42563
           macro avg     0.9646    0.9448    0.9534     42563
        weighted avg     0.9681    0.9679    0.9672     42563

[[ 6572     0     0     0    26     0     0     0     0]
 [    0 18541     0    14     0     1     0     0     0]
 [    2     0  1745     0     0     0     0   333     9]
 [  189   233     0  2602     0     4     0     5    16]
 [    0     0     0     0  1338     0     0     0     0]
 [    0    29     0     0     0  4975     0     0     0]
 [    0     0     0     0     0     0  1323     0     0]
 [  295    17    38    55     6    50     0  3203     0]
 [    3     0     0     2    24     0    17     0   896]]